17.95	0.96	22.47	0.3	9.134
5.358	1.06	24.41	0.57	9.118
11.86	1.07	22.94	0.32	9.113
14.92	1.13	23.03	0.32	9.105
11.86	0.96	23.14	0.45	9.136
7.762	1.01	23.79	0.42	9.113
25.57	1.14	22.75	0.19	9.148
8.173	0.97	23.8	0.42	9.124
6.969	0.83	23.84	0.43	9.129
14.43	1.24	23.96	0.37	9.15
17.41	0.9	22.4	0.34	9.148
13.21	1.2	23.56	0.43	9.149
11.66	0.97	23.21	0.25	9.075
9.268	0.89	23.65	0.47	9.145
21.51	0.86	22.08	0.24	9.132
15.24	1.04	22.48	0.37	9.152
15.85	1.2	22.53	0.31	9.136
17.21	1.01	22.86	0.32	9.14
11.67	1.03	23.52	0.19	9.072
17.57	1.09	23.05	0.25	9.126
13	1.03	23.33	0.41	9.14
11.56	0.91	23.21	0.33	9.103
14	1.07	23.42	0.33	9.136
13.39	1.03	23.23	0.26	9.132
30.74	1.45	22.25	0.19	9.127
16.09	1.2	22.82	0.31	9.129
19.38	0.96	22.54	0.25	9.173
12.21	1.09	23.15	0.34	9.119
7.571	0.86	23.91	0.5	9.123
13.2	1.76	23.28	0.42	9.114
11.76	0.95	23.43	0.36	9.166
11.36	0.92	23.49	0.44	9.159
10.48	1.03	22.72	0.38	9.159
20.74	1.56	23.05	0.22	9.154
24.45	1.41	22.3	0.23	9.155
17.58	1.14	23.27	0.31	9.165
12.56	1.12	23.1	0.43	9.169
19.59	0.93	22.68	0.26	9.121
5.671	0.98	24.39	0.48	9.088
33.82	1.36	21.61	0.19	9.147
11.88	1	23.01	0.46	9.158
17.27	1.06	23.12	0.27	9.129
18.9	0.93	22.02	0.31	9.109
10.02	1.04	23.3	0.41	9.15
23.38	1.15	22.37	0.25	9.165
45.9	1.44	21.52	0.16	9.145
15.1	1.25	22.87	0.36	9.161
17.07	1.43	23	0.31	9.174
12.9	0.96	22.36	0.46	9.171
12.98	0.92	22.48	0.44	9.163
24.88	1.12	22.52	0.21	9.134
15.6	1.13	23.41	0.38	9.147
9.166	1.05	24.08	0.41	9.111
21.59	1.78	22.83	0.26	9.169
9.973	0.92	23.64	0.41	9.138
27.6	1.72	22.31	0.21	9.171
27.3	1.1	22.22	0.22	9.169
34.56	1.23	22.31	0.21	9.118
32.98	0.98	21.92	0.2	9.124
11.75	1.08	23.48	0.33	9.131
11.5	0.87	23.21	0.43	9.14
11.49	1.15	22.63	0.58	9.133
69.62	1.15	20.8	0.16	9.15
40.14	0.97	22.04	0.19	9.153
35.21	1.45	22.28	0.18	9.176
24.11	1.21	22.6	0.23	9.177
16.2	1.23	23.57	0.32	9.113
19.91	0.99	22.32	0.26	9.18
23.89	1.13	22.12	0.23	9.184
20.64	0.99	22.58	0.23	9.149
26.6	1.2	22.13	0.23	9.187
15.88	1.08	23.22	0.31	9.153
19.83	1.12	22.59	0.27	9.157
32.49	1.15	22.1	0.22	9.162
14.99	1	23.01	0.35	9.17
25.97	0.88	22.03	0.27	9.171
11.48	1.21	23.76	0.35	9.16
18.9	1.08	23.06	0.37	9.184
12.14	1.16	23.16	0.42	9.145
40.99	1.18	21.86	0.19	9.123
14.49	0.97	23.09	0.36	9.117
10.16	0.99	23.36	0.48	9.124
23.6	1.4	22.09	0.21	9.18
15.52	1.27	23.16	0.29	9.13
15.48	1.03	22.41	0.26	9.155
20.17	0.96	22.75	0.2	9.154
18.08	1.08	22.73	0.29	9.16
21.61	1.69	22.58	0.25	9.148
26.17	1.23	22.69	0.25	9.209
17.83	1.15	22.61	0.33	9.212
19.31	0.9	22.62	0.28	9.152
19.2	1.24	22.64	0.26	9.157
14.66	1.59	23.63	0.33	9.138
32.2	1.61	22.26	0.2	9.202
5.06	0.85	24.19	0.35	9.077
20.88	1.14	22.78	0.3	9.162
19.46	1.02	22.39	0.36	9.194
21.19	1.01	22.32	0.16	9.073
15.88	0.94	23.45	0.42	9.21
22.76	1.02	22.34	0.24	9.188
10.26	1	24.28	0.46	9.129
7.277	1.09	23.73	0.51	9.169
17.92	1	22.5	0.23	9.159
23.89	1.05	22.21	0.3	9.208
15.56	1.35	23.16	0.38	9.169
36.12	0.98	22.25	0.21	9.207
13.58	1.05	22.67	0.34	9.21
12.91	1.28	23.19	0.33	9.168
18.08	1.17	21.73	0.4	9.209
10.95	0.89	23.52	0.47	9.164
28.7	1.18	21.99	0.17	9.128
16.16	0.85	22.71	0.39	9.188
31.97	1.72	22.16	0.23	9.19
24.99	0.95	21.68	0.3	9.209
12.56	1.07	22.66	0.38	9.155
12.48	1.5	23.87	0.51	9.211
19.26	1.3	22.74	0.42	9.21
24.04	1.26	22.37	0.28	9.205
9.683	1.1	23.59	0.41	9.148
10.96	0.84	23.02	0.37	9.156
20.48	0.86	22.04	0.22	9.171
25.6	1.08	22.68	0.21	9.091
27.59	0.94	22.02	0.17	9.112
10.26	1.1	23.19	0.24	9.054
9.274	1	22.93	0.42	9.117
10.69	0.9	23.44	0.46	9.168
10.79	1.21	23.39	0.38	9.135
6.859	0.91	23.96	0.25	9.078
10.39	0.9	23.63	0.3	9.115
7.876	0.92	23.68	0.31	9.125
10.87	1.12	23.09	0.28	9.123
26	1.02	21.99	0.21	9.126
15.31	0.97	22.54	0.24	9.075
42.36	1.15	21.42	0.17	9.12
7.552	0.86	23.66	0.31	9.119
28.93	1.25	22.28	0.22	9.208
26.75	1.17	22.22	0.21	9.157
17.3	1.15	22.21	0.29	9.122
12.07	1.09	23.05	0.47	9.181
18.28	1.04	22.48	0.26	9.165
17.08	1	22.3	0.25	9.168
9.882	1.04	22.93	0.4	9.166
19.62	1.06	22.83	0.28	9.176
17.25	1.02	22.57	0.27	9.17
12.8	1.1	23.23	0.33	9.173
12.49	1.32	22.95	0.29	9.162
6.758	1.02	24.16	0.38	9.057
19.16	1.05	21.91	0.37	9.182
11.09	0.99	23.12	0.4	9.192
14.1	1.23	23.1	0.24	9.156
19.56	1.08	22.81	0.23	9.114
11.27	0.98	23.02	0.29	9.178
15.37	1	23	0.26	9.144
32.92	1.18	22.06	0.16	9.084
18.09	0.93	23.09	0.25	9.167
20.6	1.19	22.59	0.22	9.184
14.04	0.96	23.1	0.26	9.097
14.48	1.35	22.73	0.3	9.172
10.96	1.19	23.01	0.32	9.16
10.38	1.05	23.25	0.38	9.177
10.46	1.32	22.68	0.41	9.174
11.52	1.05	22.96	0.36	9.183
23.08	1.09	22.4	0.22	9.181
19.31	1.55	22.69	0.29	9.179
5.98	1.05	23.93	0.39	9.177
24.6	1.13	22.5	0.21	9.184
17.77	1.1	22.79	0.22	9.142
10.95	0.89	23.19	0.37	9.181
24.84	1.2	22.53	0.21	9.171
15.03	1	23.31	0.26	9.115
10.76	1.1	22.87	0.4	9.169
27.25	1.2	22.52	0.17	9.166
18.36	0.9	22.75	0.34	9.199
18.82	1.07	22.74	0.21	9.191
10.59	0.96	22.91	0.22	9.137
12.86	1.16	22.71	0.3	9.179
31.54	1.42	21.73	0.18	9.196
7.364	0.95	24.18	0.36	9.104
11.15	1.4	23.59	0.35	9.177
11.39	1.01	23.83	0.31	9.133
5.066	1.1	24.22	0.55	9.089
29.04	0.95	22.23	0.47	9.188
10.69	0.96	22.96	0.29	9.176
15.05	1.23	23.4	0.27	9.151
9.95	0.88	23.55	0.36	9.106
9.064	0.99	23.28	0.29	9.172
12.3	0.98	22.88	0.33	9.156
9.65	1.1	23.52	0.3	9.125
17.06	1.01	23.25	0.24	9.14
5.261	0.9	24.24	0.47	9.126
26.61	0.96	22.28	0.17	9.117
13.93	1.02	23.26	0.28	9.152
24.65	1.22	22.5	0.18	9.152
7.876	1	24.01	0.52	9.17
9.278	0.81	23.73	0.3	9.157
7.673	0.93	24.15	0.43	9.167
71.3	1.07	21.14	0.15	9.126
16.91	0.91	23.03	0.23	9.137
12.18	0.93	23.24	0.3	9.143
12.91	1.11	23.72	0.24	9.142
10.26	0.93	23.21	0.45	9.15
26.46	0.99	21.95	0.21	9.187
5.566	1.06	24.59	0.42	9.143
14.32	1.08	22.54	0.27	9.113
25.27	1.34	22.26	0.2	9.142
17.19	1.35	22.72	0.2	9.109
6.608	0.86	23.91	0.3	9.071
7.459	0.9	23.84	0.33	9.11
17.18	1.37	23.33	0.19	9.079
13.67	0.95	22.98	0.3	9.072
19.46	1.23	22.97	0.2	9.087
74.88	1.04	20.93	0.15	9.12
76.78	1.21	20.79	0.15	9.114
7.151	1.09	23.82	0.39	9.149
19.55	1.01	22.65	0.21	9.142
19.21	1.05	22.8	0.22	9.136
7.977	0.9	23.91	0.29	9.122
29.52	1.54	22.42	0.17	9.093
15.2	1.03	22.52	0.22	9.063
14.03	1.01	22.8	0.24	9.092
6.08	0.82	24.1	0.43	9.092
26.25	1.47	22.74	0.17	9.08
26.12	1.01	22.08	0.17	9.106
23.04	1.16	22.28	0.21	9.133
10.5	1.17	23.32	0.35	9.136
44.7	1.37	21.54	0.16	9.157
24.05	1.44	22.52	0.23	9.142
10.68	0.86	23.43	0.34	9.126
6.163	0.99	24.55	0.51	9.141
10.86	1.05	23.05	0.4	9.142
11.38	0.96	23.78	0.32	9.14
12.9	0.91	23.19	0.35	9.105
15.51	1.21	23.28	0.2	9.083
6.86	0.81	23.97	0.39	9.124
6.059	0.97	23.64	0.39	9.083
9.372	0.88	24.04	0.34	9.099
20.49	0.89	22.22	0.18	9.069
34.87	1.3	22.33	0.17	9.109
11.3	0.97	23.53	0.23	9.082
11.27	0.96	23.38	0.26	9.112
18.25	0.99	22.59	0.19	9.102
8.779	0.99	23.92	0.27	9.077
14.43	0.86	22.62	0.18	9.085
14.12	1.09	23.28	0.28	9.118
26.9	1.26	22.54	0.16	9.061
6.378	0.84	24.38	0.39	9.073
16.43	1.3	23.25	0.21	9.123
18.27	1.04	22.06	0.33	9.173
13.93	1.06	22.42	0.28	9.173
12.78	0.99	23.49	0.26	9.167
17.97	0.93	23.17	0.24	9.069
29.48	0.78	25.74	0.41	8.802
32.59	1.44	25.18	0.48	8.684
34.98	1.48	24.79	0.38	8.831
40.42	1.27	24.76	0.44	8.766
50.08	1.3	25.06	0.35	8.635
58.28	1.64	25.28	0.27	8.641
61.85	1.63	24	0.31	8.666
62.12	1.22	24.41	0.4	8.905
63.86	1.33	24.36	0.25	8.621
70.41	1.4	24.23	0.3	8.985
74.43	1.19	24.69	0.32	9.039
74.61	1.25	24.26	0.21	8.499
87.33	1.13	23.96	0.17	8.704
97.49	1.24	23.82	0.22	9.033
38.1	1.08	25.46	0.22	8.582
39.31	1.34	25.31	0.42	8.722
39.42	1.14	25.28	0.24	8.793
39.5	1	25.19	0.24	8.758
39.83	1.22	25.56	0.26	8.866
40.84	1.4	24.57	0.55	8.974
41.02	1.15	25.07	0.18	8.646
41.77	1.23	24.45	0.45	9.037
41.94	1.05	24.24	0.5	8.987
42.11	1.03	24.49	0.28	8.86
44.14	1.11	25.34	0.57	8.825
44.32	1.65	24.54	0.34	8.975
44.6	0.89	24.95	0.22	8.739
44.3	1.39	24.12	0.45	8.866
45.45	1.02	24.64	0.24	8.828
47.59	1.34	24.78	0.53	8.841
47.82	0.95	24.76	0.33	8.715
48.18	1.23	24.88	0.43	8.745
47.87	1.31	23.84	0.62	8.862
48.45	1.52	24.85	0.3	8.743
49.57	1.35	25.16	0.23	8.84
50.82	1.25	24.92	0.49	9.074
51.38	1.14	24.75	0.24	8.849
51.43	0.8	24.6	0.6	8.922
52.02	1.41	24.34	0.18	8.734
52.5	1.11	24.57	0.4	8.95
54.07	0.89	24.65	0.65	8.963
56.82	1.13	24.77	0.25	8.934
58.92	1.31	25.03	0.33	8.978
58.97	1.66	24.83	0.43	8.902
64.63	1.54	24.58	0.33	8.726
64.84	1.32	23.75	0.54	8.983
64.2	1.32	24.32	0.19	8.688
67.7	1.18	24.61	0.19	8.854
57.92	1.4	24.53	0.35	8.967
69.33	1.11	24.57	0.22	8.804
69.3	1.09	24.31	0.21	8.914
71.48	1.08	24.12	0.23	8.758
73.62	0.97	24.31	0.3	8.996
75.76	1.5	24.21	0.4	8.918
84.54	1.07	24.27	0.5	8.885
84.89	1.27	23.9	0.4	9.007
90.59	1.31	24.01	0.18	8.781
90.91	1.06	24.08	0.36	9.061
15.9	0.71	25.07	0.63	8.814
16.45	1.27	25.25	0.32	8.42
16.72	0.88	24.53	0.4	8.715
17	1.07	25.29	0.33	8.613
17.01	0.91	25.82	0.44	8.796
19.69	0.67	24.86	0.4	8.784
25.7	0.89	24.48	0.18	8.48
26.08	0.99	23.98	0.7	8.878
26.96	1.36	24.16	0.36	8.858
26.98	1.01	24.4	0.19	8.481
27.45	1.04	24.41	0.24	8.72
27.94	0.87	24.82	0.32	8.839
29.33	1.02	24.11	0.24	8.705
29.37	0.98	24.48	0.23	8.571
29.45	1.35	24.29	0.23	8.538
30.34	1.29	24.07	0.48	8.851
30.39	0.91	23.83	0.42	8.851
31.37	0.67	24.33	0.3	8.845
32.42	1.02	24.35	0.45	8.897
34.1	1.21	24.19	0.19	8.68
35.11	1.21	23.54	0.26	8.786
37.01	1.61	24.27	0.38	9.018
39.06	1.06	24.04	0.41	8.905
40.73	1.14	23.47	0.2	8.673
40.85	1.43	24.26	0.23	8.825
42.9	1.1	23.44	0.36	8.854
43	0.97	23.96	0.32	8.72
47.24	0.91	23.03	0.22	8.848
51.45	1.33	23.91	0.25	8.884
57.13	0.95	23.42	0.16	8.668
63.17	1.32	23.35	0.26	8.915
68.46	1.25	22.9	0.32	8.976
15.22	1.08	25.64	0.54	8.748
15.58	0.52	25.87	0.42	8.884
15.78	1.21	24.74	0.41	8.86
16	0.98	24.35	0.62	8.868
16.03	0.7	25.41	0.37	8.717
16.16	1.06	25.15	0.29	8.677
16.19	0.74	24.99	0.51	8.878
16.73	1.33	25.26	0.28	8.834
17.47	1.05	25.02	0.2	8.627
17.96	1.12	25.02	0.35	8.864
18.18	1.45	25.61	0.3	8.796
18.2	0.77	24.74	0.7	8.942
18.25	0.69	24.03	0.43	8.738
18.37	0.6	24.57	0.38	8.711
18.44	0.8	24.42	0.41	8.808
19.22	1.18	24.49	0.25	8.743
19.54	0.69	24.26	0.29	8.708
20.65	0.86	23.84	0.5	8.931
21.17	0.9	24.39	0.3	8.857
21.26	0.68	24.41	0.21	8.681
21.28	1.3	24.9	0.23	8.855
21.62	0.79	24.99	0.27	8.757
23.2	0.62	24.87	0.49	8.733
23.48	0.93	24.8	0.17	8.757
24.71	1.42	24.24	0.28	8.918
25.82	0.66	24.43	0.19	8.821
26.14	1.32	24.41	0.19	8.682
26.43	0.81	24.32	0.22	8.656
26.85	1.14	24.38	0.47	8.87
27.28	0.92	23.92	0.42	8.846
28.11	1.3	24.65	0.21	8.861
30.86	1.12	23.93	0.18	8.664
31.45	1.37	24.41	0.3	8.762
33.17	0.93	24.61	0.23	8.695
33.89	0.84	24.16	0.2	8.775
34.33	1.23	24.1	0.65	8.936
34.85	1.02	23.69	0.29	8.894
36.09	1.08	23.47	0.22	8.755
37.1	1.25	23.69	0.32	8.906
38.71	1.06	24.31	0.19	8.88
39.17	0.82	23.66	0.16	8.69
39.42	0.72	23.98	0.31	8.875
43.93	1.44	23.66	0.32	8.878
44.12	0.88	23.37	0.19	8.726
45.53	1.7	23.26	0.51	9.017
49.07	1.14	23.58	0.13	8.66
49.07	1.41	23.7	0.16	8.696
49.64	1	23.87	0.14	8.685
50.62	0.75	23.26	0.14	8.862
52.12	1.27	23.52	0.15	8.902
54.93	0.73	23.4	0.15	8.689
56.54	1.03	23.01	0.18	8.859
59.99	1.06	23.27	0.17	8.725
93.35	1.24	22.9	0.12	8.852
15.01	1.78	25.17	0.55	8.884
15.33	1.55	25.33	0.5	9.12
15.69	1.16	25.7	0.52	8.628
15.76	0.87	25.04	0.6	8.563
15.76	1.86	25.24	0.63	8.689
15.88	1.43	25.64	0.67	9.05
15.93	1.68	25.51	0.69	9.018
16.09	1.93	26.21	0.7	8.631
16.27	1.49	24.92	0.51	8.951
16.89	1.41	24.73	0.61	9.104
17.09	1.77	25.55	0.44	9.177
17.11	1.48	25.94	0.66	8.595
17.72	1.72	24.8	0.59	8.968
18.74	1.45	25.39	0.67	8.801
18.8	1.78	25.42	0.59	8.852
19.63	1.79	25.64	0.54	8.775
19.72	1.44	24.77	0.62	9.22
19.85	1.78	24.72	0.66	8.71
20.02	0.96	25.67	0.55	8.999
20.08	1.35	24.68	0.52	9.056
20.1	1.35	24.86	0.61	8.886
20.3	1.4	24.32	0.53	9.224
20.33	1.27	25.44	0.48	8.848
20.42	1.54	24.92	0.55	8.899
20.43	1.8	25.16	0.65	9.025
20.93	2.09	24.63	0.66	8.697
21	1.56	25.18	0.54	8.946
21.07	1.66	24.8	0.64	8.81
21.31	1.56	24.72	0.64	9.087
21.49	1.38	24.34	0.55	8.814
21.97	0.8	25.06	0.66	9.26
22.04	1.07	25.36	0.69	9.1
22.11	1.67	24.54	0.51	8.692
22.26	0.8	24.88	0.57	9.053
22.7	1.5	25.66	0.51	8.849
22.85	1.7	24.75	0.65	9.067
23.08	1.18	24.22	0.59	9.08
23.1	1.69	24.62	0.47	9.274
23.13	1.64	25.13	0.55	9.098
23.35	1.68	25.33	0.43	9.037
23.58	0.98	24.73	0.54	9.19
24.36	1.87	24.87	0.66	9.096
24.42	1.29	24.78	0.67	9.227
24.45	2.02	24.77	0.56	9.065
24.65	1.91	25.38	0.44	8.903
25.01	1.84	24.85	0.61	8.773
25.11	1.48	25.37	0.5	8.838
25.18	1.41	24.67	0.59	8.851
25.45	1.79	24.37	0.43	8.995
25.53	1.6	25.35	0.54	9.015
25.57	1.69	24.7	0.54	9.206
25.62	1.95	25.11	0.49	8.986
25.72	0.98	24.45	0.36	9.121
25.73	1.15	25	0.59	8.888
25.91	1.1	25.02	0.52	8.887
26.25	1.23	25.25	0.54	8.944
26.36	1.44	24.43	0.43	8.897
26.42	1.11	24.74	0.53	8.752
26.43	1.42	24.77	0.45	8.737
26.67	1.87	24.42	0.48	8.676
27.06	1.56	25.41	0.51	8.873
27.13	1.84	24.63	0.47	8.82
27.28	1.38	24.49	0.6	9.105
27.51	1.25	24.5	0.56	9.065
27.64	1.62	24.51	0.5	9.243
27.67	1.2	24.6	0.43	9.17
27.78	0.97	24.89	0.66	9.045
28.64	1.05	25	0.56	8.888
28.64	1.47	24.26	0.69	9.104
29.17	1.63	24.33	0.44	8.64
29.45	1.44	24.05	0.42	8.669
29.47	1.06	24.37	0.47	8.976
29.75	1.69	24.32	0.6	9.144
29.81	2.09	24.3	0.57	9.083
29.83	1.84	24.67	0.59	9.215
29.85	1.72	24.69	0.43	8.851
29.95	1.74	24.4	0.6	9.194
29.99	1.65	24.82	0.55	8.755
30.34	1.51	24.6	0.45	9.185
30.59	0.88	24.56	0.65	9.092
30.83	1.68	24.83	0.62	8.951
30.97	1.5	24.03	0.47	8.88
33.16	2.04	24.93	0.4	9.106
33.42	1.89	24.48	0.38	8.701
33.67	1.42	23.87	0.64	9.08
34.06	1.83	23.51	0.52	8.777
34.2	1.89	24.94	0.68	8.779
34.38	1.44	24.63	0.56	8.826
34.39	1.62	24.35	0.38	9.079
34.44	1.29	25.04	0.49	9.101
34.56	1.55	24.47	0.51	8.721
35.19	1.88	24.54	0.61	9.181
35.34	1.7	24.08	0.53	8.717
35.56	1.8	23.95	0.5	8.728
35.98	1.74	24.77	0.43	8.575
36.18	1.62	23.8	0.58	9.059
36.53	1.34	24.75	0.61	8.761
36.66	1.43	24.11	0.41	9.198
36.74	1.85	24.45	0.39	8.799
36.76	1.39	24	0.59	9.043
37.13	1.75	24	0.52	9.247
37.33	1.56	24.54	0.46	8.762
37.37	1.55	24.1	0.59	9.046
38.02	1.72	24.29	0.44	9.024
38.03	1.54	24.15	0.51	9.043
38.03	1.55	24.35	0.59	8.877
38.31	1.65	24.66	0.54	9.119
38.33	1.65	23.81	0.44	8.755
39.79	1.54	24.27	0.56	9.086
40.49	1.66	24.41	0.55	8.898
40.71	1.54	23.93	0.6	9.042
40.74	1.29	24.72	0.37	9.115
40.97	2.15	24.51	0.45	8.637
41.66	2.02	23.98	0.44	9.089
41.72	1.98	24.05	0.56	8.813
42.11	1.26	24.41	0.53	9.058
43.29	1.96	24.49	0.42	9.261
44.06	1.74	24.91	0.32	8.856
44.95	2.05	24.11	0.56	8.711
45.54	1.91	23.6	0.49	8.884
46.47	1.62	23.72	0.33	8.659
46.63	2.07	24.3	0.39	8.647
46.9	1.53	24.2	0.42	8.782
47.27	1.52	24.12	0.41	9.054
48	1.79	24.69	0.45	9.129
48.82	1.34	23.95	0.52	9.045
52	1.48	23.77	0.44	9.147
52.03	1.74	24.07	0.53	8.98
53.65	1.74	24.22	0.58	8.733
53.85	1.48	24.33	0.51	8.981
57.96	1.98	23.72	0.47	8.953
59.23	1.62	23.35	0.48	8.84
59.33	1.44	23.77	0.44	8.983
62.39	1.98	23.66	0.41	9.115
63.46	1.73	24.25	0.34	8.619
63.84	2.1	23.98	0.28	8.623
67.41	1.62	23.9	0.38	8.659
69.59	1.73	23.56	0.22	8.576
69.61	1.7	23.43	0.4	8.871
75.16	1.63	23.42	0.19	8.734
77.54	1.43	23.67	0.35	8.758
16.18	0.92	25.72	0.58	8.831
18.24	1	25.05	0.54	8.972
20.6	1.13	26.8	0.58	8.93
21.01	1.17	25.79	0.6	8.914
22.98	0.99	25.64	0.29	8.665
23.95	1.22	25.3	0.46	8.968
26.78	1.18	25.49	0.37	8.875
31.09	0.93	25.57	0.53	9.197
31.68	0.87	24.54	0.5	9.045
33.18	1.06	24.83	0.31	9.007
35.31	1.49	25.65	0.31	8.945
36.38	1.27	25.35	0.3	8.936
35.34	0.84	25.23	0.43	9.166
39.41	1.18	25.02	0.31	8.895
39.83	1.24	26.08	0.43	8.964
44.28	0.58	25.06	0.24	8.869
56.24	1.32	24.65	0.53	9.089
58.08	0.9	24.31	0.24	8.842
24.06	1.39	24.84	0.43	8.777
24.08	1.12	25.68	0.56	8.929
24.62	1.05	25.44	0.25	8.447
24.89	1.04	25.39	0.22	8.597
25.38	0.83	25.1	0.66	8.96
25.41	1.4	24.53	0.38	8.782
26.39	1.25	25.19	0.27	8.673
26.63	1.18	25.7	0.32	8.709
26.67	1.2	25.22	0.45	8.798
26.81	1.2	25.47	0.3	8.565
28.49	1.24	25.05	0.28	8.631
28.99	1.31	25.09	0.34	8.809
29.52	1.03	25.65	0.24	8.607
30.03	1.09	24.55	0.53	8.943
30.14	0.98	25.28	0.55	8.894
30.31	1.42	24.98	0.21	8.542
30.38	1.26	25.35	0.38	8.838
31.2	1.35	24.73	0.33	8.636
31.31	1.17	25.04	0.54	8.906
31.37	1.04	25.47	0.24	8.72
31.47	1.15	25.34	0.26	8.713
32.79	1.25	24.57	0.37	8.887
34.07	1.19	24.16	0.59	8.957
34.34	0.9	24.6	0.7	9.048
34.64	1.18	23.95	0.36	9.022
34.97	1.22	24.98	0.48	8.979
35.06	1.33	24.96	0.28	8.697
35.25	1.28	24.61	0.27	8.737
35.27	1.12	24.81	0.21	8.561
35.72	1.02	24.62	0.21	8.576
35.73	1.14	24.68	0.24	8.686
36.46	1.21	24.92	0.39	8.8
36.61	1.19	25.15	0.21	8.497
37.46	1.18	25.12	0.25	8.775
38.36	1.25	24.55	0.31	8.757
38.57	0.95	24.62	0.24	8.811
38.77	1.21	24.33	0.26	8.768
39.22	1.03	24.67	0.26	8.732
39.76	1.29	24.33	0.48	8.915
40.49	0.99	24.47	0.4	8.898
40.97	1.36	24.95	0.45	8.921
41.22	1.21	24.49	0.49	8.932
44.28	1.29	24.09	0.29	8.866
44.37	1.13	24.68	0.43	9.097
42.91	1.36	23.93	0.32	8.836
45.37	1.29	24.65	0.47	8.864
46.56	1.23	24.7	0.2	8.606
47.66	1.11	24.25	0.24	8.909
49.43	1.19	24.7	0.32	8.793
49.69	1.26	24.44	0.23	8.753
54.11	1.16	24.38	0.22	8.759
55.27	1.14	24.75	0.35	8.914
61.76	1.25	23.8	0.19	8.737
61.8	1.12	24.12	0.26	8.845
66.91	0.92	23.71	0.19	8.642
67.43	1.49	23.83	0.21	8.646
67.74	1.48	23.77	0.51	9.061
68.99	1.19	23.58	0.19	8.843
72.83	1.07	23.66	0.3	8.939
75.49	1.29	23.58	0.22	8.888
84.92	1.12	23.94	0.3	9.029
88.17	1	23.74	0.18	8.756
96.1	1.23	23.51	0.21	8.798
20.06	0.92	24.91	0.44	8.647
20.3	0.85	25.68	0.42	8.877
20.32	0.88	25.14	0.26	8.706
20.42	1.35	26.25	0.46	8.497
20.55	0.94	25.23	0.5	8.757
20.7	0.79	25.59	0.42	8.896
20.82	1.09	24.69	0.48	8.788
21.12	1.05	25.54	0.25	8.688
22.08	0.65	25.33	0.31	8.547
22.36	1.01	24.87	0.22	8.71
22.49	0.59	25.32	0.26	8.709
22.53	1.44	24.61	0.47	8.751
22.83	0.74	25.06	0.22	8.703
22.98	0.85	25.13	0.25	8.908
23.11	1.23	25.18	0.21	8.716
23.15	1.02	24.86	0.31	8.746
24.18	1.05	25.66	0.28	8.735
24.19	0.56	25.75	0.39	8.735
24.2	1.22	25.65	0.33	8.752
24.35	0.98	25.59	0.31	8.729
24.44	1.3	25.31	0.31	8.561
24.49	1.15	25.46	0.39	8.717
24.78	1.11	25.06	0.19	8.566
25.4	1.17	24.39	0.58	8.572
25.52	0.9	24.54	0.66	8.779
25.75	0.67	25.13	0.26	8.743
26.4	1.09	24.88	0.25	8.9
27.11	0.98	25.55	0.32	8.653
27.32	0.71	24.94	0.58	8.786
27.37	0.79	24.65	0.41	8.641
27.72	1.13	25.54	0.39	8.756
27.87	1.42	25.17	0.63	8.702
28.75	1.12	25.22	0.14	8.896
29.19	0.81	25	0.22	8.521
29.31	0.96	25.67	0.35	8.769
29.67	1.08	24.76	0.23	8.651
29.99	0.85	24.49	0.22	8.791
30	1.03	25.21	0.28	8.793
30.41	0.95	25.52	0.42	8.758
30.53	0.78	24.92	0.2	8.577
30.93	0.75	25.19	0.3	8.87
31.65	1.1	24.83	0.19	8.623
32.02	0.72	24.33	0.24	8.733
32.18	0.7	24.66	0.19	8.634
32.24	1.11	24.88	0.35	8.736
32.86	1.12	24.34	0.24	8.67
33.24	0.94	24.93	0.27	8.55
33.86	1.57	24.95	0.32	8.736
34.22	1.25	24.34	0.32	8.551
35.37	1.16	24.93	0.2	8.623
35.38	1.01	24.44	0.27	8.776
35.69	1.57	24.79	0.28	8.859
36.01	1.19	24.4	0.18	8.721
36.03	1.08	24.27	0.2	8.922
36.23	0.7	24.37	0.23	8.746
36.75	1.09	24.41	0.14	8.611
36.98	1.11	24.79	0.17	8.555
37.72	0.88	24.52	0.15	8.814
38.74	0.83	24.14	0.17	8.733
39.23	1.18	24.56	0.24	8.757
39.53	0.92	24.24	0.17	8.773
39.6	0.91	24.27	0.15	8.805
40.1	0.76	24.22	0.26	8.604
40.54	1.52	24.51	0.16	8.821
43.23	1.16	23.93	0.31	8.759
44.64	1.41	24.16	0.18	8.778
45.57	0.95	24.06	0.12	8.703
46.1	1.08	24.05	0.27	8.789
47.09	1.01	24.54	0.22	8.632
48.41	1.32	24.28	0.26	8.765
49.31	0.89	24.45	0.19	8.754
60.59	0.85	24.04	0.11	8.722
60.76	1.24	23.69	0.2	8.542
63.12	1.18	23.46	0.16	8.799
63.76	1.07	23.82	0.25	8.594
64.35	1.23	23.73	0.15	8.844
64.36	1.05	23.62	0.2	8.56
70.59	0.93	23.86	0.13	8.652
71.61	1.37	23.56	0.17	8.553
72.5	1.13	23.74	0.18	8.561
15.38	1.03	25.39	0.61	9.073
15.45	1.27	25.24	0.61	8.948
15.77	0.7	25.25	0.54	9.147
16.26	0.96	25.86	0.54	8.98
17.36	1.38	25.35	0.62	9.016
17.76	1.29	25.62	0.62	8.916
18.05	1.24	25.07	0.47	8.913
18.11	1.38	24.4	0.56	9.13
18.13	1.34	25.46	0.69	9.111
18.15	0.88	25.36	0.52	8.995
18.56	1.35	24.76	0.47	9.133
18.83	1.23	24.88	0.49	9.029
18.97	0.75	25.22	0.61	9.033
19.16	1.33	24.83	0.61	9.103
19.67	0.96	24.64	0.48	9.041
20.57	1.34	25.65	0.57	9.102
22.35	1.25	25.48	0.64	9.063
22.47	0.9	24.69	0.39	9.117
23.85	0.9	25.21	0.53	9.032
24.87	1.44	25.17	0.57	9.158
25.01	1.11	25.35	0.58	9.056
25.04	1.36	24.56	0.6	9.167
26.25	0.98	24.55	0.53	8.981
27.17	1.54	24.51	0.42	8.947
29.64	1.62	24.4	0.48	9.096
30.21	0.74	24.48	0.41	9.152
31.84	1.07	24.39	0.61	9.058
32.03	1.05	23.68	0.58	9.158
33.42	1.28	24.75	0.54	9.118
36.5	0.94	24.13	0.4	9.091
36.6	0.9	24.42	0.3	8.94
39.39	0.97	24.78	0.5	9.153
46.12	1.57	23.68	0.42	9.124
46.32	1.2	24.23	0.49	9.249
53.88	1.43	23.83	0.21	8.99
54.17	1.26	23.71	0.28	9.032
55.87	1.11	23.53	0.47	9.218
58.02	1.28	23.56	0.14	8.827
62.6	1.34	23.25	0.49	9.259
65.5	1.39	23.9	0.29	9.14
65.56	1.22	24.03	0.53	9.334
70.55	1.38	23.5	0.26	9.124
21.38	0.98	24.84	0.31	9
21.65	1.11	25.23	0.29	8.726
28.22	1.13	23.76	0.53	8.92
29.74	1.31	24.59	0.45	8.892
32.53	1.22	24.36	0.17	8.458
33.81	1.21	24.35	0.4	8.962
34.21	1.33	24.77	0.2	8.672
38.69	1.28	24.35	0.18	8.43
40.44	1.09	24.53	0.17	8.578
40.45	1.39	24.25	0.27	8.793
41.68	0.93	24.37	0.23	8.789
46.98	1.34	24.3	0.43	9.015
47.46	1.22	24.21	0.24	8.83
52.59	0.84	23.93	0.48	9.055
57.63	1.03	23.79	0.17	8.461
83.3	0.88	23.32	0.3	9.074
40.21	1.57	24.35	0.4	9.044
40.48	1.12	23.84	0.47	9.054
41.07	0.95	23.69	0.52	9.018
45.26	1.4	23.7	0.31	8.982
53.13	1.62	23.45	0.52	8.931
54.5	0.9	24.02	0.5	9.091
57.27	1.08	23.63	0.62	9.009
72.38	1.35	23.16	0.4	8.985
72.94	1.4	22.88	0.4	9.067
80.26	1.17	21.98	0.36	9.046
93.07	1.3	23.35	0.38	9.055
93.57	1.54	22.71	0.25	8.937
97.11	0.79	22.19	0.42	9.094
21.88	0.95	24.27	0.53	9.09
28.63	1.08	24.5	0.42	9.058
36.4	1.55	22.78	0.73	9.094
16.1	0.91	24.33	0.41	8.836
17.37	0.71	24.69	0.25	8.979
17.9	0.82	24.46	0.36	8.726
17.92	1.01	24.22	0.31	8.928
18.45	1.18	24.23	0.27	8.539
18.79	1.11	24.48	0.23	8.636
19.22	1.21	24.35	0.31	8.573
20.13	1.04	24.39	0.23	8.653
20.79	0.73	24.53	0.27	8.56
21.57	0.92	24.88	0.28	8.862
21.77	1.29	24.83	0.37	8.742
21.85	1.04	24.35	0.38	8.81
24.06	1.11	23.8	0.23	9.004
24.72	1.06	23.85	0.36	8.823
27.53	1.15	23.91	0.33	8.762
29.43	1.2	24.15	0.59	8.827
29.66	1.16	23.95	0.27	8.579
31.97	1.21	23.92	0.26	8.89
35.21	1.08	23.31	0.26	8.692
36.76	1.23	23.31	0.26	8.761
37.28	1.08	24.07	0.33	8.777
37.6	1.02	23.48	0.19	8.695
38.41	1.09	23.86	0.24	8.909
42.93	1.22	23.56	0.2	8.548
44.28	1.21	23.27	0.23	8.928
50.04	1.25	23.39	0.17	9.02
52.97	1.17	23.08	0.17	8.521
54.53	1.11	22.78	0.18	8.578
59.27	1.2	22.57	0.25	8.781
59.46	1.35	22.99	0.17	9.014
70.45	1.18	22.94	0.17	8.948
93.62	1.07	22.21	0.17	8.905
98.78	1.33	22.13	0.16	8.887
21.53	1.29	23.99	0.4	9.059
22.26	0.98	24.62	0.36	8.885
25.5	1.19	24.5	0.49	8.976
25.81	1.01	23.83	0.45	9.078
27.15	1.02	24.59	0.56	9.022
30.6	1.03	24.14	0.41	9.11
30.84	0.86	24.38	0.33	8.934
32.08	0.81	24.33	0.23	8.805
32.53	0.7	24.02	0.41	9.159
32.59	0.9	24	0.52	9.166
33.08	0.99	24.87	0.29	8.879
33.45	0.85	24.78	0.29	8.876
34.1	0.92	24.16	0.24	8.887
40.9	0.99	23.39	0.35	9.003
41.19	1	23.47	0.27	8.871
45.66	1.05	24.03	0.28	8.887
47.98	0.75	23.32	0.48	8.997
48.27	1.19	23.64	0.51	9.086
48.91	1.11	24.01	0.18	8.716
50.18	1.27	23.45	0.43	9.089
53.87	1.23	24.34	0.28	8.849
55.57	0.9	24.11	0.29	8.946
55.99	0.97	23.06	0.34	8.954
59.46	0.7	22.5	0.34	9.082
81.01	1.52	23.6	0.29	9.055
20.77	1.18	24.8	0.35	8.754
21.07	0.86	25.45	0.54	8.968
21.41	1.5	24.63	0.48	9.01
22.68	1.22	25.93	0.39	8.875
22.92	0.87	25.02	0.55	9.008
23.34	0.62	24.91	0.35	8.622
23.55	1.29	25.64	0.35	8.904
24.29	0.89	24.76	0.42	8.646
25.03	1.4	24.4	0.42	8.811
25.07	1.09	25.21	0.29	8.827
25.57	1.02	24.88	0.53	9.005
25.59	1.06	25	0.31	8.65
26.36	1.34	24.44	0.39	8.845
26.67	1.18	25.28	0.35	8.923
26.72	1.07	24.85	0.52	8.822
27.53	0.99	24.84	0.31	8.741
27.87	1.3	24.58	0.35	8.765
28.23	0.84	24.9	0.33	8.852
28.36	1.55	24.82	0.55	8.798
28.87	0.84	24.9	0.41	8.911
29.51	1.11	24.47	0.27	8.67
30.01	1.14	24.62	0.42	9.039
30.07	0.91	24.63	0.34	9.076
30.17	1.1	24.64	0.25	8.594
30.26	1.07	24.36	0.4	9.025
30.31	1.2	24.77	0.46	8.906
30.5	0.87	24.82	0.32	8.813
31.07	1.11	24.22	0.27	8.767
31.37	1.09	24.46	0.25	8.781
31.99	1.18	24.17	0.5	8.957
33.81	0.87	23.92	0.36	8.713
34	1	25.01	0.42	8.955
34.44	1.02	24.75	0.38	9.053
35.08	1.44	24.78	0.34	8.734
36.28	1.35	24.2	0.39	8.774
36.49	0.91	24.25	0.37	8.869
36.55	1.46	24.39	0.46	8.978
36.58	0.99	24.51	0.32	8.697
36.89	0.83	23.82	0.34	8.837
37.17	0.99	24.16	0.22	8.729
38.04	1.33	24.21	0.23	8.664
38.08	1.16	24.73	0.31	8.941
38.21	1.31	24.68	0.46	9.089
38.49	0.94	25.05	0.46	9
38.66	1.08	24.5	0.24	8.73
39.16	1.08	23.95	0.34	8.938
39.17	1.46	24.7	0.34	8.791
39.42	1.03	24.51	0.26	8.709
39.96	1.44	24.32	0.26	8.857
40.52	1.25	25.01	0.29	8.905
41.52	1.17	24.43	0.34	8.88
43.47	1.02	24.08	0.37	8.968
43.49	1.42	24.12	0.34	8.658
43.95	1.4	23.87	0.37	8.983
46.23	1.09	24.16	0.19	8.707
46.76	1.42	24.3	0.37	8.941
47.94	1.48	24.04	0.35	8.78
48.21	1.33	23.86	0.35	9.012
49.03	0.91	24.38	0.25	8.857
49.35	1.3	24.35	0.17	8.692
51.77	1.2	23.45	0.26	8.876
51.93	1.28	23.69	0.28	9.005
52.17	1.17	24.08	0.31	9.086
53.56	1.33	23.61	0.25	8.841
55.14	1.09	23.53	0.25	8.822
56.17	1.37	23.72	0.2	8.91
56.72	0.75	23.8	0.24	8.676
57.84	1.12	23.52	0.25	8.873
58.93	1.37	24.58	0.27	8.764
60.05	1.14	23.73	0.2	8.878
60.55	1.24	24.14	0.4	9.014
60.58	1.36	24.17	0.24	8.707
61.94	0.99	23.35	0.26	8.872
63.12	0.94	23.89	0.23	8.703
64.09	1.06	24.1	0.22	8.874
71.47	1.17	23.58	0.17	8.868
74.59	1.16	23.71	0.21	8.926
79.48	1.33	23.3	0.18	8.74
81.2	1.24	23.64	0.2	8.95
81.36	1.19	23.21	0.19	8.743
85.11	1.07	23.41	0.25	8.836
88.51	1.28	23.2	0.22	8.804
97.75	1.51	23.16	0.16	8.811
25.97	1.32	25.36	0.52	8.577
27.01	1.46	25.57	0.36	8.577
28.49	1.17	25.47	0.25	8.577
28.83	1.02	25.53	0.38	8.577
33.75	0.84	25.07	0.38	8.577
34	1.52	25.4	0.25	8.577
40.09	1.43	24.32	0.49	8.577
46.32	1.23	24.26	0.39	8.577
48.82	1.38	24.04	0.5	8.577
50.29	1.12	24.84	0.5	8.577
50.32	0.82	24.72	0.46	8.577
50.73	1.32	23.99	0.34	8.577
53.2	0.96	24.69	0.3	8.577
15.06	1.53	25.47	0.69	8.605
15.22	1.59	24.37	0.56	8.605
15.25	0.89	25.19	0.46	8.605
15.88	1.11	24.9	0.57	8.605
17.44	1.52	25.67	0.66	8.605
17.61	1.62	24.68	0.4	8.605
18.37	1.17	25.33	0.56	8.605
18.51	1.17	24.85	0.43	8.605
19.38	1.03	25.29	0.6	8.605
19.97	1.34	24.69	0.25	8.605
20.37	1.55	25.34	0.37	8.605
20.44	1.07	24.95	0.31	8.605
21.09	1.48	25.62	0.6	8.605
28.28	1.66	25.09	0.28	8.605
34.67	1.95	24.84	0.43	8.605
36.06	1.52	23.73	0.53	8.605
42	1.16	23.74	0.58	8.605
43.5	1.28	24.09	0.32	8.605
53.92	1.33	24.02	0.16	8.605
60.84	1.3	23.1	0.36	8.605
73.29	1.53	23.08	0.55	8.605
83.1	1.32	23.3	0.17	8.605
25.73	1.43	26.13	0.51	8.813
25.83	0.95	25.69	0.36	8.849
27.42	1.23	25.36	0.45	8.88
27.95	0.83	26.4	0.48	8.733
28.33	1.39	24.94	0.51	8.913
28.54	0.82	26.26	0.46	8.825
30.69	0.83	25.7	0.34	8.741
31.95	1.26	25.89	0.24	8.784
32.7	0.92	25.68	0.34	8.691
34.55	0.89	26.16	0.25	8.705
35.28	0.92	25.79	0.2	8.519
35.52	0.87	25.11	0.22	8.734
37.15	1.07	25.51	0.32	8.717
37.68	1.4	25.11	0.34	8.754
39.08	1.4	25.66	0.51	8.885
39.93	1	25.75	0.26	8.734
43.19	1.04	25.11	0.32	8.875
43.66	1.14	25.79	0.4	8.905
44.48	1.36	26.04	0.4	8.838
44.89	1.32	25.5	0.19	8.637
45.19	1.04	24.66	0.25	8.81
52.02	1.36	24.65	0.45	8.988
53.05	1.41	25.53	0.43	9.005
55.17	1.29	25.38	0.41	8.94
56.93	0.92	25.1	0.14	8.712
70.53	1.02	24.38	0.24	8.912
71.32	1.37	24.49	0.23	8.863
82.99	1.36	24.59	0.28	8.946
14.81	1.2	22.8	0.23	8.787
19.96	1.4	22.38	0.27	8.826
60.98	1.53	21.62	0.17	8.786
26.83	1.32	23.12	0.23	8.863
30.9	1.33	22.61	0.18	8.867
57.49	1.36	21.18	0.2	8.883
16.86	1.35	22.78	0.27	8.804
31.19	1.27	22.46	0.18	8.776
21.26	1.38	22.5	0.19	8.772
6.156	1.08	24.79	0.43	8.749
7.278	0.88	24.66	0.31	8.755
8.592	0.92	23.65	0.28	8.741
9.204	0.98	24.04	0.26	8.755
9.817	1.22	24.03	0.29	8.75
18.32	1	23.21	0.19	8.735
23.75	1.33	22.45	0.17	8.755
32.3	1.29	22.22	0.18	8.718
43.78	1.24	21.73	0.15	8.769
45.56	1.16	21.59	0.17	8.744
83.26	1.15	21	0.17	8.743
12.1	1.33	23.34	0.23	8.811
39.12	1.18	22.07	0.18	8.779
6.798	0.83	23.84	0.48	8.875
7.254	1.18	24.22	0.49	8.901
12.65	1.05	22.94	0.59	8.892
22.85	1.55	22.63	0.24	8.813
11.03	1.5	24.15	0.3	8.82
17.87	1.24	23.01	0.27	8.853
38.15	1.51	21.9	0.19	8.815
6.279	1.02	23.97	0.59	8.91
6.565	1.17	24.05	0.54	8.917
7.231	1.02	24.66	0.49	8.916
7.627	1.09	24.27	0.61	8.885
7.941	1.1	23.58	0.63	8.911
7.978	1.12	23.9	0.51	8.908
9.906	1.11	24.11	0.53	8.931
11.6	1.36	23.22	0.38	8.911
11.85	0.87	23.31	0.57	8.912
11.99	0.96	23.65	0.38	8.906
12.87	1.21	22.97	0.52	8.916
14.4	1.02	22.95	0.51	8.901
14.48	1	23.26	0.33	8.884
14.59	0.93	23.04	0.33	8.901
17.08	1.15	23.4	0.38	8.922
20.42	1.39	23.32	0.39	8.907
22.89	1.24	22.64	0.34	8.926
24.76	1.3	22.66	0.32	8.928
28.42	1.2	22.68	0.33	8.909
31.19	1.38	22.45	0.27	8.923
5.418	1.13	25.24	0.6	8.915
5.525	0.87	24.53	0.4	8.936
6.469	1.05	24.04	0.64	8.933
6.559	0.94	24.32	0.58	8.91
7.161	0.86	24.66	0.58	8.927
7.643	1.15	23.37	0.5	8.947
8.204	0.94	24.47	0.5	8.948
8.219	1.09	24	0.58	8.972
8.45	1.34	23.76	0.53	8.921
9.42	1.09	23.74	0.67	8.924
9.684	1.06	23.93	0.63	8.987
9.774	1.07	23.55	0.62	8.946
10.69	1.11	23.45	0.58	8.989
10.71	0.93	23.48	0.5	8.942
10.73	1.07	23.42	0.5	8.938
10.94	1.03	23.19	0.51	8.947
11.16	0.93	23.51	0.46	8.947
11.62	0.93	23.41	0.5	8.948
11.64	1.42	23.6	0.5	8.937
11.96	0.95	23.06	0.55	8.955
12.31	1.22	24.1	0.48	8.968
12.41	1.17	23.41	0.44	8.942
13.88	1.4	24.12	0.61	8.987
13.95	1.45	23.75	0.6	8.989
14.53	1.07	23.57	0.37	8.936
14.66	0.95	23.6	0.5	8.99
14.93	1.6	23.96	0.48	8.995
15.77	1.15	22.86	0.51	8.982
16.04	1.07	23.26	0.54	9.005
16.09	1.38	23.88	0.63	8.952
16.17	1.39	22.9	0.48	8.982
16.21	0.83	23.44	0.41	8.961
16.4	1.04	23.22	0.48	8.986
16.75	1.15	22.93	0.56	8.954
17.8	1	23.4	0.44	8.966
18.16	0.96	22.57	0.49	8.983
18.87	0.83	22.32	0.47	8.998
19.57	1.31	23.68	0.38	8.987
20.79	1.11	22.9	0.4	9.002
21.65	0.99	22.03	0.6	8.98
22.43	1.6	23.31	0.46	8.993
22.6	1.19	22.69	0.42	8.96
22.92	1.07	22.42	0.27	8.925
23.28	1.04	22.29	0.54	8.959
24.09	1.01	22.1	0.47	8.961
24.14	1.4	22.33	0.54	8.999
24.75	1.37	22.39	0.46	8.982
26.42	1.59	22.78	0.43	8.976
26.76	1.09	22.76	0.19	8.92
26.87	0.85	22.36	0.48	8.988
28.01	1.22	22.13	0.38	8.994
29.94	0.85	21.49	0.28	8.932
30.91	1.4	23.03	0.44	8.98
31.55	0.9	21.88	0.29	8.966
31.91	1.39	22.35	0.49	8.993
32.24	1.05	21.94	0.38	8.949
34.14	0.98	21.92	0.53	8.978
34.99	1.1	21.87	0.28	8.955
35.13	1.24	21.76	0.4	8.978
38.92	1.2	21.77	0.4	8.975
39.11	0.94	21.57	0.37	8.99
39.31	1.14	21.97	0.38	8.929
39.82	1.15	22.23	0.32	8.932
44.25	1.12	21.44	0.3	8.945
51.9	1.15	21.76	0.24	8.957
5.173	0.78	24.36	0.46	8.879
5.196	0.95	24.16	0.49	8.843
6.698	0.95	24.22	0.32	8.765
7.317	0.9	23.77	0.52	8.893
8.61	0.96	23.83	0.24	8.722
9.763	1.06	24.3	0.26	8.831
10.74	0.89	23.57	0.21	8.771
11.08	0.83	23.77	0.24	8.767
15.34	0.94	23.5	0.34	8.897
15.59	1.04	22.95	0.17	8.775
16.22	1.1	22.73	0.19	8.833
16.86	1.41	23.28	0.18	8.74
18.03	1.15	22.89	0.28	8.895
21.42	1.06	23.31	0.23	8.902
5.384	0.86	24.89	0.54	8.9
6.331	0.65	25.11	0.56	8.871
7.242	0.86	24.28	0.56	8.901
7.606	1.12	23.81	0.42	8.901
11.08	1.25	23.63	0.43	8.889
13.09	1.22	23.69	0.32	8.81
17.56	1.2	23.37	0.23	8.834
17.58	1.17	23.34	0.26	8.887
18.53	1.01	23.43	0.22	8.852
25.84	1.05	22.61	0.21	8.894
9.376	1.15	23.5	0.23	8.8
7.362	1.17	19.28	0.15	8.9
6.495	0.68	19.58	0.15	8.9
7.694	0.9	18.98	0.15	8.9
10.81	1.03	18.64	0.15	8.9
8.017	0.86	18.94	0.15	8.9
15.75	1.51	18.3	0.15	8.9
3.978	1.04	20.16	0.15	8.9
6.028	1.14	19.68	0.15	8.9
8.476	1.17	19.01	0.15	8.9
13.77	1.48	18.63	0.15	8.9
8.835	1.23	18.97	0.15	8.9
4.577	1.09	19.94	0.15	8.9
6.71	1.44	19.48	0.15	8.9
10.5	1.19	18.78	0.15	8.9
4.632	1.18	20.02	0.15	8.9
7.019	1.18	19.5	0.15	8.9
15.91	1.34	18.26	0.15	8.9
28.91	1.89	17.77	0.15	8.9
9.947	1.29	18.95	0.15	8.9
14.61	1.55	18.41	0.15	8.9
10.04	1.76	19.26	0.15	8.9
14.4	1.67	18.44	0.15	8.9
7.465	1.04	19.18	0.15	8.9
5.093	1.38	19.71	0.15	8.9
8.42	1.32	19.31	0.15	8.9
9.165	1.13	18.98	0.15	8.9
13.57	2.03	18.49	0.15	8.9
6.898	0.89	19.51	0.15	8.9
13.18	1.17	18.85	0.15	8.9
13.26	1.64	18.72	0.15	8.9
17.65	0.73	17.78	0.15	8.9
9.689	2.13	19.05	0.15	8.9
20.1	1.3	17.79	0.15	8.9
18.59	1.66	18.07	0.15	8.9
15.48	1.86	18.64	0.15	8.9
12.5	0.98	18.58	0.15	8.9
9.813	1.39	18.83	0.15	8.9
10.73	1.71	18.87	0.15	8.9
8.829	1.05	18.89	0.15	8.9
5.338	1.17	19.94	0.15	8.9
9.134	0.94	18.91	0.15	8.9
4.76	1	19.82	0.15	8.9
16.73	1.42	18.59	0.15	8.9
17.71	1.33	18.06	0.15	8.9
8.806	1.21	19.09	0.15	8.9
11.64	1.18	18.93	0.15	8.9
17.85	1.31	18.49	0.15	8.9
5.651	0.93	19.62	0.15	8.9
27.98	1.63	17.72	0.15	8.9
8.261	1.06	19.01	0.15	8.9
22.24	0.99	17.87	0.15	8.9
8.33	1.48	19.27	0.15	8.9
7.036	0.81	19.28	0.15	8.9
22.19	1.04	17.82	0.15	8.9
21.88	1.61	18.02	0.15	8.9
10.1	0.73	18.78	0.15	8.9
13.56	1.47	18.56	0.15	8.9
19.57	1.56	18.03	0.15	8.9
21.69	1.5	17.99	0.15	8.9
9.293	0.85	18.84	0.15	8.9
17.59	1.94	18.25	0.15	8.9
8.945	1.44	19.09	0.15	8.9
13.35	1.65	18.82	0.15	8.9
9.393	1.2	18.86	0.15	8.9
9.362	1.26	19.23	0.15	8.9
13.35	1.04	18.61	0.15	8.9
12.31	0.63	18.46	0.15	8.9
14.91	1.73	18.74	0.15	8.9
16.15	1.21	18.17	0.15	8.9
11.18	1.35	18.77	0.15	8.9
16.07	1.54	18.34	0.15	8.9
23.11	1.16	17.87	0.15	8.9
9.174	1.31	19.05	0.15	8.9
10.63	1.42	19.09	0.15	8.9
6.267	1.7	19.62	0.15	8.9
5.522	1.11	19.93	0.15	8.9
11.31	1.31	18.87	0.15	8.9
8.112	0.81	19.12	0.15	8.9
5.505	1.36	19.81	0.15	8.9
8.29	1.13	19.16	0.15	8.9
31.71	1.47	17.76	0.15	8.9
16.71	1.74	18.18	0.15	8.9
4.567	0.72	19.85	0.15	8.9
41.29	2.22	17.23	0.15	8.9
13.65	1.51	18.66	0.15	8.9
8.249	0.71	19.11	0.15	8.9
13.15	1.39	18.63	0.15	8.9
10.3	1.17	18.97	0.15	8.9
12.85	0.74	18.5	0.15	8.9
4.582	1.05	19.84	0.15	8.9
14.69	1.25	18.39	0.15	8.9
36.11	1.51	17.18	0.15	8.9
5.459	1.26	19.78	0.15	8.9
7.866	1	19.03	0.15	8.9
5.927	1.57	19.91	0.15	8.9
9.431	1.09	18.88	0.15	8.9
12.9	0.79	18.34	0.15	8.9
5.978	0.89	19.51	0.15	8.9
4.01	0.98	20.13	0.15	8.9
8.178	0.84	19.04	0.15	8.9
5.137	1.06	19.67	0.15	8.9
5.849	0.91	19.54	0.15	8.9
6.257	0.94	19.56	0.15	8.9
3.398	1.2	20.39	0.15	8.9
7.487	1.09	19.24	0.15	8.9
7.769	0.99	19.29	0.15	8.9
6.328	1.17	19.58	0.15	8.9
9.509	1.49	19.11	0.15	8.9
12.35	1.62	18.46	0.15	8.9
5.152	1.72	20.1	0.15	8.9
12.77	0.63	18.62	0.15	8.9
4.655	0.78	20.17	0.15	8.9
19.78	2.04	18.54	0.15	8.9
13.56	1.06	18.35	0.15	8.9
8.71	0.96	19.04	0.15	8.9
7.307	1.54	19.41	0.15	8.9
6.785	0.93	19.19	0.15	8.9
5.59	1.18	19.79	0.15	8.9
13.84	1.55	18.76	0.15	8.9
8.506	1.5	19.25	0.15	8.9
17.42	1.49	18.15	0.15	8.9
14.66	1.82	18.52	0.15	8.9
12.53	1.66	18.65	0.15	8.9
4.671	0.75	19.88	0.15	8.9
25.58	2.05	17.89	0.15	8.9
21.2	1.74	18.02	0.15	8.9
14.13	0.84	18.23	0.15	8.9
7.107	1.24	19.3	0.15	8.9
6.772	1.78	19.81	0.15	8.9
4.133	0.71	20.11	0.15	8.9
15.51	1.97	18.47	0.15	8.9
6.82	1.07	19.61	0.15	8.9
9.372	1.07	19.03	0.15	8.9
18.7	1.82	18.4	0.15	8.9
27.49	1.76	17.91	0.15	8.9
5.84	1.35	19.69	0.15	8.9
4.959	1.16	19.78	0.15	8.9
16.21	1.59	18.42	0.15	8.9
11.14	0.83	18.69	0.15	8.9
21.89	1.91	18.15	0.15	8.9
5.909	0.75	19.34	0.15	8.9
6.217	1.01	19.4	0.15	8.9
28.84	1.52	17.42	0.15	8.9
6.976	1.35	19.45	0.15	8.9
5.751	0.91	19.83	0.15	8.9
11.58	1.19	18.7	0.15	8.9
4.303	1.29	19.87	0.15	8.9
7.437	0.85	19.3	0.15	8.9
4.366	1.12	20.09	0.15	8.9
6.85	0.85	19.49	0.15	8.9
7.018	0.78	19.3	0.15	8.9
7.078	0.88	19.26	0.15	8.9
5.393	1.22	19.62	0.15	8.9
14.59	1.75	18.58	0.15	8.9
3.325	0.57	20.54	0.15	8.9
20.17	1.44	18.03	0.15	8.9
7.474	1.17	19.37	0.15	8.9
6.92	0.79	19.21	0.15	8.9
3.064	0.88	20.58	0.15	8.9
4.976	1.02	19.75	0.15	8.9
5.853	1.21	19.6	0.15	8.9
10.05	0.81	18.79	0.15	8.9
26.5	1.51	17.65	0.15	8.9
21.31	1.25	18.24	0.15	8.9
18.98	1.27	18.27	0.15	8.9
8.714	1.21	19.08	0.15	8.9
6.44	1.06	19.31	0.15	8.9
48.47	2.45	17.46	0.15	8.9
5.181	0.95	19.99	0.15	8.9
6.121	1.71	19.89	0.15	8.9
3.189	1.12	20.54	0.15	8.9
4.22	0.92	20.29	0.15	8.9
7.037	1.06	19.5	0.15	8.9
4.554	1.05	19.9	0.15	8.9
6.234	0.77	19.49	0.15	8.9
35.75	1.76	17.31	0.15	8.9
12.75	0.71	18.52	0.15	8.9
6.824	0.79	19.6	0.15	8.9
12.55	1.9	18.97	0.15	8.9
5.443	1.18	19.72	0.15	8.9
9.61	1.64	19.12	0.15	8.9
14.12	1.04	18.41	0.15	8.9
3.672	0.58	20.11	0.15	8.9
22.1	1.31	18.03	0.15	8.9
11.14	1.5	18.76	0.15	8.9
3.958	1.06	20.11	0.15	8.9
7.784	1.14	19.19	0.15	8.9
8.885	1.85	19.21	0.15	8.9
4.095	1.01	20.23	0.15	8.9
6.413	1.34	19.7	0.15	8.9
6.18	1.44	19.91	0.15	8.9
3.748	1.23	20.49	0.15	8.9
13.03	1.44	18.51	0.15	8.9
6.758	1.28	19.27	0.15	8.9
5.971	0.97	19.6	0.15	8.9
4.37	0.99	20.04	0.15	8.9
16.46	1.45	18.37	0.15	8.9
5.106	0.9	19.4	0.15	8.9
4.282	1.22	20.2	0.15	8.9
4.448	0.72	20.08	0.15	8.9
5.348	1.13	19.86	0.15	8.9
10.37	1.37	19.05	0.15	8.9
36.79	2.24	17.39	0.15	8.9
5.299	0.9	19.67	0.15	8.9
8.894	1.01	19.23	0.15	8.9
20.23	1.13	18.01	0.15	8.9
9.477	0.85	18.98	0.15	8.9
16.58	1.58	18.47	0.15	8.9
6.129	1.33	19.8	0.15	8.9
6.878	1.36	19.6	0.15	8.9
10.47	1.44	18.8	0.15	8.9
8.62	1.18	19.26	0.15	8.9
8.505	0.87	19.08	0.15	8.9
18.78	1.96	18.31	0.15	8.9
8.402	1.25	19.25	0.15	8.9
6.654	1.31	19.46	0.15	8.9
9.045	1.14	19.03	0.15	8.9
5.762	1.5	19.8	0.15	8.9
28.72	1.63	17.82	0.15	8.9
6.361	0.79	19.43	0.15	8.9
5.199	1.05	19.73	0.15	8.9
6.259	1.05	19.59	0.15	8.9
5.347	0.91	19.88	0.15	8.9
10.58	1.73	19.21	0.15	8.9
4.847	1.51	19.92	0.15	8.9
13.76	0.98	18.53	0.15	8.9
15.58	1.03	18.24	0.15	8.9
8.833	1.17	19.11	0.15	8.9
3.238	0.84	20.42	0.15	8.9
15.42	1.52	18.31	0.15	8.9
5.677	1.03	19.71	0.15	8.9
5.614	0.75	19.77	0.15	8.9
6.218	1.28	19.66	0.15	8.9
4.098	1.19	20.21	0.15	8.9
4.155	1.15	20.21	0.15	8.9
10.96	1.86	19.09	0.15	8.9
3.232	0.71	20.41	0.15	8.9
11.17	1.21	18.75	0.15	8.9
11.64	1.5	18.78	0.15	8.9
3.483	1.2	20.55	0.15	8.9
4.582	0.82	19.82	0.15	8.9
6.806	1.38	19.71	0.15	8.9
5.289	1.33	19.63	0.15	8.9
6.597	0.92	19.43	0.15	8.9
5.502	0.8	19.77	0.15	8.9
4.866	1.09	20.01	0.15	8.9
3.275	0.73	20.41	0.15	8.9
5.991	1.35	19.68	0.15	8.9
42.22	2.08	17.15	0.15	8.9
4.431	0.69	20.02	0.15	8.9
3.136	0.63	20.46	0.15	8.9
3.896	1.36	20.22	0.15	8.9
9.847	1.71	18.99	0.15	8.9
14.57	1.85	18.81	0.15	8.9
4.871	1.12	19.94	0.15	8.9
6.388	1.1	19.65	0.15	8.9
4.968	0.78	19.86	0.15	8.9
6.325	1.4	19.5	0.15	8.9
16.1	1.36	18.47	0.15	8.9
4.056	0.81	20.03	0.15	8.9
4.357	0.67	20	0.15	8.9
4.974	0.82	19.83	0.15	8.9
5.038	0.99	20	0.15	8.9
3.627	0.9	20.29	0.15	8.9
4.151	0.76	20.18	0.15	8.9
10.23	1.01	18.69	0.15	8.9
3.582	0.81	20.33	0.15	8.9
9.667	0.89	19.13	0.15	8.9
4.729	1.04	20.1	0.15	8.9
6.105	0.83	19.47	0.15	8.9
8.118	0.79	19.26	0.15	8.9
5.379	1.2	19.9	0.15	8.9
9.821	1.3	18.95	0.15	8.9
7.768	1.22	19.2	0.15	8.9
5.241	1.03	19.88	0.15	8.9
3.422	1.02	20.5	0.15	8.9
4.525	1.05	20.26	0.15	8.9
5.899	1.28	19.52	0.15	8.9
7.934	1.07	18.99	0.15	8.9
5.178	1.01	20.06	0.15	8.9
4.569	0.92	19.81	0.15	8.9
12.84	0.99	18.82	0.15	8.9
6.7	0.81	19.6	0.15	8.9
3.75	0.85	20.34	0.15	8.9
22.37	1.1	17.64	0.15	8.9
6.971	0.67	19.39	0.15	8.9
9.502	1.01	18.94	0.15	8.9
4.37	1.01	20	0.15	8.9
7.39	0.9	19.48	0.15	8.9
8.348	1.04	19.22	0.15	8.9
6.827	1.19	19.34	0.15	8.9
5.89	1.3	19.64	0.15	8.9
4.098	1.05	20.28	0.15	8.9
3.758	1.16	20.33	0.15	8.9
3.779	0.59	20.32	0.15	8.9
7.87	1.14	19.23	0.15	8.9
4.776	1.24	20.04	0.15	8.9
33.61	1.65	17.56	0.15	8.9
15.43	1.29	18.74	0.15	8.9
4.989	1.41	20.03	0.15	8.9
3.853	1.18	20.37	0.15	8.9
7.177	0.79	19.46	0.15	8.9
4.895	1.08	19.95	0.15	8.9
7.764	1.33	19.36	0.15	8.9
32.1	1.61	17.32	0.15	8.9
30.88	1.54	17.41	0.15	8.9
3.489	1	20.3	0.15	8.9
15.75	2.14	18.69	0.15	8.9
4.558	1.13	20.01	0.15	8.9
4.925	1.26	20.07	0.15	8.9
3.775	1.04	20.53	0.15	8.9
4.531	1.13	19.92	0.15	8.9
4.097	0.51	20.07	0.15	8.9
3.867	1.23	20.45	0.15	8.9
4.657	1.29	19.69	0.15	8.9
3.982	0.79	20.19	0.15	8.9
7.75	1.45	19.61	0.15	8.9
3.473	0.81	20.42	0.15	8.9
5.37	1.33	20.06	0.15	8.9
10.29	1.36	19.1	0.15	8.9
10.3	1.38	18.86	0.15	8.9
10.35	1.32	18.83	0.15	8.9
10.43	1.07	19.02	0.15	8.9
10.52	0.92	18.59	0.15	8.9
10.57	1.36	18.59	0.15	8.9
10.73	0.96	18.63	0.15	8.9
10.85	1.05	19	0.15	8.9
10.86	1.02	18.99	0.15	8.9
10.94	1.07	18.8	0.15	8.9
10.97	1.57	19.28	0.15	8.9
11.15	1.31	18.88	0.15	8.9
11.49	1.5	18.93	0.15	8.9
11.63	1.38	18.56	0.15	8.9
11.69	0.86	18.95	0.15	8.9
11.73	1.09	18.74	0.15	8.9
12.19	0.89	18.56	0.15	8.9
12.32	1.7	18.62	0.15	8.9
12.33	1.52	18.82	0.15	8.9
12.43	1.27	18.84	0.15	8.9
12.51	1.08	18.49	0.15	8.9
12.57	1.63	18.85	0.15	8.9
12.81	1.4	18.56	0.15	8.9
12.83	1.22	18.77	0.15	8.9
13.1	1.63	18.66	0.15	8.9
13.27	1.34	18.53	0.15	8.9
13.66	1.19	18.87	0.15	8.9
13.73	2.05	18.72	0.15	8.9
14.28	1.56	18.49	0.15	8.9
14.72	1.42	18.39	0.15	8.9
15.26	1.68	18.56	0.15	8.9
16.34	1.48	18.3	0.15	8.9
16.59	0.78	18.37	0.15	8.9
17.29	2.24	18.72	0.15	8.9
17.74	1.34	17.84	0.15	8.9
18.79	1.83	18.11	0.15	8.9
20.23	2.09	18.06	0.15	8.9
20.3	1.57	17.86	0.15	8.9
21.96	1.73	18.02	0.15	8.9
22.63	0.66	17.85	0.15	8.9
23.3	1.77	18.26	0.15	8.9
26.46	1.87	17.62	0.15	8.9
26.59	2.33	17.84	0.15	8.9
31.61	1.56	17.45	0.15	8.9
32.01	1.62	17.3	0.15	8.9
32.66	1.63	17.17	0.15	8.9
36.15	1.44	17.17	0.15	8.9
41.22	2.29	17.2	0.15	8.9
43.05	1.78	16.82	0.15	8.9
43.74	1.5	16.97	0.15	8.9
48.45	2.49	17.44	0.15	8.9
56.24	2.07	17.03	0.15	8.9
78	1.82	16.05	0.15	8.9
